submod=index
pid=315
superver=supernewplus
logactid=1234567890
opType=nodepv
curcard=2
mod=superman%3Alib
isLogin=0
glogid=2147840147
sid=63146_63325_64005_64660_64694_64817_64869_64864_64837_64902_64923_64976_65006_65077_65088_65116_65141_65138_65139_65185_65203_65234_65246_65257_65143_65272_65282_65307_65321
showTab=10000
_r=0.04529447153555344
version=PCHome
terminal=PC
type=2011
qid=0xa28deba100057093
opType=showpv
_r=0.48670897733958896
fm=flow_monitor
q=aaaa
qid=fa104ada000e84a6
rsv_tn=baidu
rsv_did=987e5609581af78497f8397915f8e99c
t=1758276708031
rsv_sid=60272_63147_63325_64005_64658_64702_64812_64817_64836_64867_64904_64923_64965_64974_65006_65018_65077_65086_65118_65141_65139_65137_65187_65204_65168_64624_65230_65248_65258_65143_65270_65310_65325
type=3
data=%5B%7B%7D%5D
logactid=1200200001
wd=aaaa
isSkin=false
utype=undefined
query=aaaa
submod=sindex
portrait=undefined
m=superman%3Aps_searchBtnClick
openMode=current
_r=0.10438499973978321
logPortrait=undefined
opType=click
mod=superman%3Aps
rsv_idc=5
T=1758276707
rsv_cache=0
rsv_iorr=0
rsv_pstm=1758155261
rsv_ssl=1
rsv_isid=60272_63147_63325_64005_64658_64702_64812_64817_64836_64867_64904_64923_64965_64974_65006_65018_65077_65086_65118_65141_65139_65137_65187_65204_65168_64624_65230_65248_65258_65143_65270_65310_65325
t=1758276708041
y=3BFF7FDD
rsv_svoice=0
rsv_pstg=20
path=https%3A%2F%2Fwww.baidu.com%2Fs%3Fie%3Dutf-8%26f%3D8%26rsv_bp%3D1%26rsv_idx%3D1%26tn%3Dbaidu%26wd%3Daaaa%26fenlei%3D256%26rsv_pq%3D0xa28deba100057093%26rsv_t%3D52bekF3b3PROJNt6M5EWgtAY4%252FQAmZlbjllG%252BaolCD%252FvCbysGsHGGaVLEOw3%26rqlang%3Den%26rsv_enter%3D1%26rsv_dl%3Dtb%26rsv_sug3%3D6%26rsv_btype%3Di%26inputT%3D639%26rsv_sug4%3D1678
fm=se
rsv_tpfail=1
rsv_scr=1536_2943_0_0_864_1536
rsv_prw=aaaa
rsv_pre=5
rsv_psid=CD97A44CD0EEB3D589E0823D0B0113FA
rsv_did=95b79464101f445149035520a808c986
cid=0
rsv_reh=429_157_168_170_393_527_111_276_148_111|94
rsv_cftime=1
path=https%3A//www.baidu.com/s%3Fie%3Dutf-8%26f%3D8%26rsv_bp%3D1%26rsv_idx%3D1%26tn%3Dbaidu%26wd%3Daaaa%26fenlei%3D256%26rsv_pq%3D0xa28deba100057093%26rsv_t%3D52bekF3b3PROJNt6M5EWgtAY4%252FQAmZlbjllG%252BaolCD%252FvCbysGsHGGaVLEOw3%26rqlang%3Den%26rsv_enter%3D1%26rsv_dl%3Dtb%26rsv_sug3%3D6%26rsv_btype%3Di%26inputT%3D639%26rsv_sug4%3D1678
t=1758276711427
rsv_cst=8
rsv_ct=175
rsv_cst=37
t=1758276711935
rsv_clk_extra={%22srcid%22:%2285%22,%22tplname%22:%22fy_sg_dict_new_san%22}
rsv_ct=119
rsv_cst=36
rsv_cst=34
t=1758276711934
rsv_cst=10
rsv_clk_extra={%22type%22:%22show%22,%22action%22:%22gp-peopleintro-tab-show%22,%22tplname%22:%22sg_kg_entity_san%22,%22srcid%22:51527,%22ext%22:{%22info%22:[%22%E6%9C%AF%E8%AF%AD%E5%AE%9A%E4%B9%89%22,%22%E9%A2%81%E5%B8%83%E6%83%85%E5%86%B5%22],%22isPc%22:true}}
t=1758276714006
rsv_ct=84
